"X01" "X02" "X03" "X04" "X05" "X06" "X07" "X08" "X09" "X10" "X11" "X12" "X13" "X14" "X15" "X16" "X17" "X18" "X19" "X20" "X21"
-0.682 4.14 0.007661952 0.037489407 -0.012235776 0.035816449 -0.037704594 -0.025 3.72 -0.001907325 0.037989878 -0.002112677 0.009726246 0.128434637 -0.065 3.71 -0.001083146 0.025317808 -0.001146233 0.008704419 0.102438943
-0.025 3.72 -0.001907325 0.037989878 -0.002112677 0.009726246 0.128434637 -0.065 3.71 -0.001083146 0.025317808 -0.001146233 0.008704419 0.102438943 0.461 4.16 0.005600481 0.033566824 -0.003623673 0.009549472 0.102513262
-0.065 3.71 -0.001083146 0.025317808 -0.001146233 0.008704419 0.102438943 0.461 4.16 0.005600481 0.033566824 -0.003623673 0.009549472 0.102513262 0.003 4.63 0.005059709 -0.013685453 0.000973494 0.003991805 -0.019615422
0.461 4.16 0.005600481 0.033566824 -0.003623673 0.009549472 0.102513262 0.003 4.63 0.005059709 -0.013685453 0.000973494 0.003991805 -0.019615422 0.343 4.91 0.004185121 -0.018677276 0.006348668 0.004108193 -0.020561457
0.003 4.63 0.005059709 -0.013685453 0.000973494 0.003991805 -0.019615422 0.343 4.91 0.004185121 -0.018677276 0.006348668 0.004108193 -0.020561457 -0.117 5.31 -0.002905061 -0.007246409 0.00289639 0.003959666 -0.020204819
0.343 4.91 0.004185121 -0.018677276 0.006348668 0.004108193 -0.020561457 -0.117 5.31 -0.002905061 -0.007246409 0.00289639 0.003959666 -0.020204819 0 5.57 -0.005822298 -0.017937701 -0.010041483 -0.009115166 0.000506497
-0.117 5.31 -0.002905061 -0.007246409 0.00289639 0.003959666 -0.020204819 0 5.57 -0.005822298 -0.017937701 -0.010041483 -0.009115166 0.000506497 0 5.55 0.016121699 0.021969964 -0.023376641 -0.009199017 0.000505441
0 5.57 -0.005822298 -0.017937701 -0.010041483 -0.009115166 0.000506497 0 5.55 0.016121699 0.021969964 -0.023376641 -0.009199017 0.000505441 -0.322 5.2 0.007459266 -0.021455905 -0.009743737 -0.008983578 0.00048813
0 5.55 0.016121699 0.021969964 -0.023376641 -0.009199017 0.000505441 -0.322 5.2 0.007459266 -0.021455905 -0.009743737 -0.008983578 0.00048813 -0.342 4.91 0.004232797 -0.04746511 -0.001831838 0.021960569 0.071504406
-0.322 5.2 0.007459266 -0.021455905 -0.009743737 -0.008983578 0.00048813 -0.342 4.91 0.004232797 -0.04746511 -0.001831838 0.021960569 0.071504406 -0.92 4.14 0.011477866 0.06660445 -0.01366091 0.020802625 0.063802837
-0.342 4.91 0.004232797 -0.04746511 -0.001831838 0.021960569 0.071504406 -0.92 4.14 0.011477866 0.06660445 -0.01366091 0.020802625 0.063802837 -0.234 3.51 0.023627245 0.040801827 -0.014981554 0.021050869 0.061234057
-0.92 4.14 0.011477866 0.06660445 -0.01366091 0.020802625 0.063802837 -0.234 3.51 0.023627245 0.040801827 -0.014981554 0.021050869 0.061234057 -0.086 3.3 0.010041392 0.018225924 -0.011671623 0.019165394 -0.024803039
-0.234 3.51 0.023627245 0.040801827 -0.014981554 0.021050869 0.061234057 -0.086 3.3 0.010041392 0.018225924 -0.011671623 0.019165394 -0.024803039 0.252 3.83 0.006891816 0.023486284 -0.008146099 0.017602367 -0.023442231
-0.086 3.3 0.010041392 0.018225924 -0.011671623 0.019165394 -0.024803039 0.252 3.83 0.006891816 0.023486284 -0.008146099 0.017602367 -0.023442231 -0.104 4.17 0.009956078 0.01016175 -0.001637213 0.018479875 -0.025285054
0.252 3.83 0.006891816 0.023486284 -0.008146099 0.017602367 -0.023442231 -0.104 4.17 0.009956078 0.01016175 -0.001637213 0.018479875 -0.025285054 -0.115 4.27 0.000138223 -0.01016175 -0.002219328 0.004670253 -0.02792711
-0.104 4.17 0.009956078 0.01016175 -0.001637213 0.018479875 -0.025285054 -0.115 4.27 0.000138223 -0.01016175 -0.002219328 0.004670253 -0.02792711 -0.05 4.46 0.002644383 0.002781643 -0.002805322 0.004803123 -0.029500395
-0.115 4.27 0.000138223 -0.01016175 -0.002219328 0.004670253 -0.02792711 -0.05 4.46 0.002644383 0.002781643 -0.002805322 0.004803123 -0.029500395 0 4.55 -0.001117924 -0.007434978 0.00406033 0.004626321 -0.029232147
-0.05 4.46 0.002644383 0.002781643 -0.002805322 0.004803123 -0.029500395 0 4.55 -0.001117924 -0.007434978 0.00406033 0.004626321 -0.029232147 0 4.81 0.013837266 0.034833953 -0.007456578 0.002110776 0.012070332
0 4.55 -0.001117924 -0.007434978 0.00406033 0.004626321 -0.029232147 0 4.81 0.013837266 0.034833953 -0.007456578 0.002110776 0.012070332 0 4.87 0.00794846 -0.014519311 -0.00233554 0.00210633 0.011793298
0 4.81 0.013837266 0.034833953 -0.007456578 0.002110776 0.012070332 0 4.87 0.00794846 -0.014519311 -0.00233554 0.00210633 0.011793298 0 5.05 0.012622192 0.001826485 0.006216026 0.002034168 0.011156673
0 4.87 0.00794846 -0.014519311 -0.00233554 0.00210633 0.011793298 0 5.05 0.012622192 0.001826485 0.006216026 0.002034168 0.011156673 0.036 5.06 0.01175305 0.048963941 0.004540413 0.019554714 -0.01778055
0 5.05 0.012622192 0.001826485 0.006216026 0.002034168 0.011156673 0.036 5.06 0.01175305 0.048963941 0.004540413 0.019554714 -0.01778055 -0.027 5.33 0.011079357 0.020637018 -0.001639898 0.018566659 -0.017235636
0.036 5.06 0.01175305 0.048963941 0.004540413 0.019554714 -0.01778055 -0.027 5.33 0.011079357 0.020637018 -0.001639898 0.018566659 -0.017235636 0.279 5.94 0.007203618 0.007630389 -0.003966148 0.018830134 -0.017832303
-0.027 5.33 0.011079357 0.020637018 -0.001639898 0.018566659 -0.017235636 0.279 5.94 0.007203618 0.007630389 -0.003966148 0.018830134 -0.017832303 0.225 6.58 0.014195218 -0.036117425 -0.041763441 0.014575595 -0.094519576
0.279 5.94 0.007203618 0.007630389 -0.003966148 0.018830134 -0.017832303 0.225 6.58 0.014195218 -0.036117425 -0.041763441 0.014575595 -0.094519576 0.064 7.09 0.000487766 -0.01588736 -0.03078745 0.012984904 -0.093616058
0.225 6.58 0.014195218 -0.036117425 -0.041763441 0.014575595 -0.094519576 0.064 7.09 0.000487766 -0.01588736 -0.03078745 0.012984904 -0.093616058 -0.063 7.12 -0.001472972 -0.018860011 0.00020842 0.014182166 -0.113544112
0.064 7.09 0.000487766 -0.01588736 -0.03078745 0.012984904 -0.093616058 -0.063 7.12 -0.001472972 -0.018860011 0.00020842 0.014182166 -0.113544112 0.317 7.84 0.006791599 -0.028507678 -0.010579892 -0.012025742 -0.052050131
-0.063 7.12 -0.001472972 -0.018860011 0.00020842 0.014182166 -0.113544112 0.317 7.84 0.006791599 -0.028507678 -0.010579892 -0.012025742 -0.052050131 0.409 8.49 0.001347469 -0.022642477 -0.015494314 -0.012580423 -0.056939077
0.317 7.84 0.006791599 -0.028507678 -0.010579892 -0.012025742 -0.052050131 0.409 8.49 0.001347469 -0.022642477 -0.015494314 -0.012580423 -0.056939077 0.115 10.4 0.003551188 0.009496748 -0.02315369 -0.012327174 -0.058636282
0.409 8.49 0.001347469 -0.022642477 -0.015494314 -0.012580423 -0.056939077 0.115 10.4 0.003551188 0.009496748 -0.02315369 -0.012327174 -0.058636282 0.318 10.5 -0.001367078 -0.019084549 0.020047266 0.011930859 -0.073987134
0.115 10.4 0.003551188 0.009496748 -0.02315369 -0.012327174 -0.058636282 0.318 10.5 -0.001367078 -0.019084549 0.020047266 0.011930859 -0.073987134 -0.571 10.78 0.007961236 0.017192401 -0.009702534 0.01179019 -0.079390741
0.318 10.5 -0.001367078 -0.019084549 0.020047266 0.011930859 -0.073987134 -0.571 10.78 0.007961236 0.017192401 -0.009702534 0.01179019 -0.079390741 -0.848 10.01 0.008424155 0.039002158 -0.006630099 0.011279015 -0.082935017
-0.571 10.78 0.007961236 0.017192401 -0.009702534 0.01179019 -0.079390741 -0.848 10.01 0.008424155 0.039002158 -0.006630099 0.011279015 -0.082935017 -0.095 10.03 0.004533083 -0.073687716 0.022109286 -0.01943021 -0.11872515
-0.848 10.01 0.008424155 0.039002158 -0.006630099 0.011279015 -0.082935017 -0.095 10.03 0.004533083 -0.073687716 0.022109286 -0.01943021 -0.11872515 -0.165 9.95 -0.002876767 -0.073414397 0.003088559 -0.019169869 -0.131121398
-0.095 10.03 0.004533083 -0.073687716 0.022109286 -0.01943021 -0.11872515 -0.165 9.95 -0.002876767 -0.073414397 0.003088559 -0.019169869 -0.131121398 -0.206 9.65 -0.006611096 0.013934952 0.013729226 -0.020202656 -0.156835653
-0.165 9.95 -0.002876767 -0.073414397 0.003088559 -0.019169869 -0.131121398 -0.206 9.65 -0.006611096 0.013934952 0.013729226 -0.020202656 -0.156835653 0.201 8.97 -0.00317247 -0.028066835 -0.030565182 -0.001375561 0.033382764
-0.206 9.65 -0.006611096 0.013934952 0.013729226 -0.020202656 -0.156835653 0.201 8.97 -0.00317247 -0.028066835 -0.030565182 -0.001375561 0.033382764 0.733 9.35 3.96e-05 0.04181027 -0.016794288 -0.00124407 0.029132732
0.201 8.97 -0.00317247 -0.028066835 -0.030565182 -0.001375561 0.033382764 0.733 9.35 3.96e-05 0.04181027 -0.016794288 -0.00124407 0.029132732 0.387 10.51 -0.002919974 -0.052460685 -0.020442885 -0.001379171 0.031292325
0.733 9.35 3.96e-05 0.04181027 -0.016794288 -0.00124407 0.029132732 0.387 10.51 -0.002919974 -0.052460685 -0.020442885 -0.001379171 0.031292325 0.392 11.31 0.007892451 -0.030639854 -0.002472467 -0.017234146 0.123712011
0.387 10.51 -0.002919974 -0.052460685 -0.020442885 -0.001379171 0.031292325 0.392 11.31 0.007892451 -0.030639854 -0.002472467 -0.017234146 0.123712011 0.28 11.93 -0.001765063 0.001337346 0.01130082 -0.018126254 0.114487464
0.392 11.31 0.007892451 -0.030639854 -0.002472467 -0.017234146 0.123712011 0.28 11.93 -0.001765063 0.001337346 0.01130082 -0.018126254 0.114487464 -0.091 12.92 0.002152259 -0.124109386 0.003775685 -0.017860027 0.100048739
0.28 11.93 -0.001765063 0.001337346 0.01130082 -0.018126254 0.114487464 -0.091 12.92 0.002152259 -0.124109386 0.003775685 -0.017860027 0.100048739 -0.022 12.01 -0.010675276 -0.042236225 0.016053121 0.002043171 -0.090501745
-0.091 12.92 0.002152259 -0.124109386 0.003775685 -0.017860027 0.100048739 -0.022 12.01 -0.010675276 -0.042236225 0.016053121 0.002043171 -0.090501745 -0.43 11.34 -2.21e-06 -0.109857143 0.002070281 0.002039005 -0.099768478
-0.022 12.01 -0.010675276 -0.042236225 0.016053121 0.002043171 -0.090501745 -0.43 11.34 -2.21e-06 -0.109857143 0.002070281 0.002039005 -0.099768478 -0.284 10.06 -0.00272718 0.019192215 -0.007648639 0.00196928 -0.107527622
-0.43 11.34 -2.21e-06 -0.109857143 0.002070281 0.002039005 -0.099768478 -0.284 10.06 -0.00272718 0.019192215 -0.007648639 0.00196928 -0.107527622 0.336 9.45 -0.033482541 0.032585402 -0.008260414 -0.055805248 -0.402235826
-0.284 10.06 -0.00272718 0.019192215 -0.007648639 0.00196928 -0.107527622 0.336 9.45 -0.033482541 0.032585402 -0.008260414 -0.055805248 -0.402235826 -0.229 8.53 -0.036756701 -0.067311622 0.003202123 -0.057142354 -0.656494226
0.336 9.45 -0.033482541 0.032585402 -0.008260414 -0.055805248 -0.402235826 -0.229 8.53 -0.036756701 -0.067311622 0.003202123 -0.057142354 -0.656494226 -0.354 7.13 -0.014025462 0.078676956 -0.012982152 -0.06269142 -1.991005013
-0.229 8.53 -0.036756701 -0.067311622 0.003202123 -0.057142354 -0.656494226 -0.354 7.13 -0.014025462 0.078676956 -0.012982152 -0.06269142 -1.991005013 0.243 6.24 -0.023203101 0.098862048 -0.011118089 -0.010307498 0.868402339
-0.354 7.13 -0.014025462 0.078676956 -0.012982152 -0.06269142 -1.991005013 0.243 6.24 -0.023203101 0.098862048 -0.011118089 -0.010307498 0.868402339 -0.499 5.54 -0.011236115 0.044918461 -0.008961548 -0.009402208 0.417846615
0.243 6.24 -0.023203101 0.098862048 -0.011118089 -0.010307498 0.868402339 -0.499 5.54 -0.011236115 0.044918461 -0.008961548 -0.009402208 0.417846615 -0.637 5.49 0.002331059 0.011157386 0.004093706 -0.010513754 0.324762773
-0.499 5.54 -0.011236115 0.044918461 -0.008961548 -0.009402208 0.417846615 -0.637 5.49 0.002331059 0.011157386 0.004093706 -0.010513754 0.324762773 0.136 5.22 -0.003292488 0.061568463 -0.004549598 0.025236904 -0.440988953
-0.637 5.49 0.002331059 0.011157386 0.004093706 -0.010513754 0.324762773 0.136 5.22 -0.003292488 0.061568463 -0.004549598 0.025236904 -0.440988953 0.17 5.55 0.006273798 0.025206814 0.000911577 0.025425826 -0.805920177
0.136 5.22 -0.003292488 0.061568463 -0.004549598 0.025236904 -0.440988953 0.17 5.55 0.006273798 0.025206814 0.000911577 0.025425826 -0.805920177 0.07 6.1 0.010427798 0.000973552 0.025192515 0.024005023 -3.973224714
0.17 5.55 0.006273798 0.025206814 0.000911577 0.025425826 -0.805920177 0.07 6.1 0.010427798 0.000973552 0.025192515 0.024005023 -3.973224714 -0.136 6.14 0.009789905 -0.076131026 0.01247188 0.009361193 -0.032412645
0.07 6.1 0.010427798 0.000973552 0.025192515 0.024005023 -3.973224714 -0.136 6.14 0.009789905 -0.076131026 0.01247188 0.009361193 -0.032412645 -0.114 6.24 0.012827414 -0.012208157 0.000109679 0.009274374 -0.033197047
-0.136 6.14 0.009789905 -0.076131026 0.01247188 0.009361193 -0.032412645 -0.114 6.24 0.012827414 -0.012208157 0.000109679 0.009274374 -0.033197047 -0.2 5.82 0.004388584 0.045031852 -0.003185591 0.008894039 -0.032936436
-0.114 6.24 0.012827414 -0.012208157 0.000109679 0.009274374 -0.033197047 -0.2 5.82 0.004388584 0.045031852 -0.003185591 0.008894039 -0.032936436 -0.281 5.22 0.001343161 0.016793946 0.002088257 0.031995051 1.145633171
-0.2 5.82 0.004388584 0.045031852 -0.003185591 0.008894039 -0.032936436 -0.281 5.22 0.001343161 0.016793946 0.002088257 0.031995051 1.145633171 0.28 5.2 0.013561886 -0.015327256 0.006566012 0.030017786 0.509119835
-0.281 5.22 0.001343161 0.016793946 0.002088257 0.031995051 1.145633171 0.28 5.2 0.013561886 -0.015327256 0.006566012 0.030017786 0.509119835 -0.091 4.87 0.013103721 0.088006748 -0.01185004 0.030099871 0.343522426
0.28 5.2 0.013561886 -0.015327256 0.006566012 0.030017786 0.509119835 -0.091 4.87 0.013103721 0.088006748 -0.01185004 0.030099871 0.343522426 -0.469 4.77 0.009758929 0.037885621 -0.008980603 0.013392772 0.135168332
-0.091 4.87 0.013103721 0.088006748 -0.01185004 0.030099871 0.343522426 -0.469 4.77 0.009758929 0.037885621 -0.008980603 0.013392772 0.135168332 -0.239 4.84 0.002160119 0.004957868 0.00111309 0.012368394 0.110855195
-0.469 4.77 0.009758929 0.037885621 -0.008980603 0.013392772 0.135168332 -0.239 4.84 0.002160119 0.004957868 0.00111309 0.012368394 0.110855195 0.139 4.82 0.004949036 0.007881814 -0.003566258 0.013054378 0.106162849
-0.239 4.84 0.002160119 0.004957868 0.00111309 0.012368394 0.110855195 0.139 4.82 0.004949036 0.007881814 -0.003566258 0.013054378 0.106162849 -0.298 5.29 0.004241815 -0.006893183 0.002341791 0.001148093 0.042255093
0.139 4.82 0.004949036 0.007881814 -0.003566258 0.013054378 0.106162849 -0.298 5.29 0.004241815 -0.006893183 0.002341791 0.001148093 0.042255093 -0.038 5.48 0.001026373 0.005911347 0.004223636 0.00118498 0.041740224
-0.298 5.29 0.004241815 -0.006893183 0.002341791 0.001148093 0.042255093 -0.038 5.48 0.001026373 0.005911347 0.004223636 0.00118498 0.041740224 -0.139 5.31 0.005679449 0.023302025 -0.004780708 0.001145419 0.038633767
-0.038 5.48 0.001026373 0.005911347 0.004223636 0.00118498 0.041740224 -0.139 5.31 0.005679449 0.023302025 -0.004780708 0.001145419 0.038633767 -0.044 5.29 0.006854352 -0.008674753 0.00033428 0.002517812 0.064175974
-0.139 5.31 0.005679449 0.023302025 -0.004780708 0.001145419 0.038633767 -0.044 5.29 0.006854352 -0.008674753 0.00033428 0.002517812 0.064175974 0.019 5.25 0.003451051 0.021073577 0.018106037 0.002511489 0.060013542
-0.044 5.29 0.006854352 -0.008674753 0.00033428 0.002517812 0.064175974 0.019 5.25 0.003451051 0.021073577 0.018106037 0.002511489 0.060013542 -0.041 5.02 -0.000304487 -0.034719013 0.002076617 0.002424482 0.054528886
0.019 5.25 0.003451051 0.021073577 0.018106037 0.002511489 0.060013542 -0.041 5.02 -0.000304487 -0.034719013 0.002076617 0.002424482 0.054528886 0.03 4.95 0.015127342 -0.006893183 0.011398918 0.015490486 0.138048429
-0.041 5.02 -0.000304487 -0.034719013 0.002076617 0.002424482 0.054528886 0.03 4.95 0.015127342 -0.006893183 0.011398918 0.015490486 0.138048429 -0.131 4.65 0.010753806 0.034000361 -0.013694378 0.014765731 0.116473686
0.03 4.95 0.015127342 -0.006893183 0.011398918 0.015490486 0.138048429 -0.131 4.65 0.010753806 0.034000361 -0.013694378 0.014765731 0.116473686 -0.097 4.61 -0.00702229 -0.008633147 -0.011446306 0.015032274 0.106962314
-0.131 4.65 0.010753806 0.034000361 -0.013694378 0.014765731 0.116473686 -0.097 4.61 -0.00702229 -0.008633147 -0.011446306 0.015032274 0.106962314 -0.085 4.68 0.015675669 -0.027345454 0.005959625 0.024393647 -0.028132813
-0.097 4.61 -0.00702229 -0.008633147 -0.011446306 0.015032274 0.106962314 -0.085 4.68 0.015675669 -0.027345454 0.005959625 0.024393647 -0.028132813 -0.228 4.69 0.012699238 -0.003968259 -0.001321295 0.021532905 -0.025817176
-0.085 4.68 0.015675669 -0.027345454 0.005959625 0.024393647 -0.028132813 -0.228 4.69 0.012699238 -0.003968259 -0.001321295 0.021532905 -0.025817176 -0.049 4.73 0.009563572 -0.015527485 -0.007076544 0.02331133 -0.028974394
-0.228 4.69 0.012699238 -0.003968259 -0.001321295 0.021532905 -0.025817176 -0.049 4.73 0.009563572 -0.015527485 -0.007076544 0.02331133 -0.028974394 -0.051 5.35 0.007853838 -0.002932109 -0.002889212 0.016544763 -0.042463648
-0.049 4.73 0.009563572 -0.015527485 -0.007076544 0.02331133 -0.028974394 -0.051 5.35 0.007853838 -0.002932109 -0.002889212 0.016544763 -0.042463648 -0.146 5.39 0.007746814 0.005352197 -0.001670658 0.016813464 -0.045277721
-0.051 5.35 0.007853838 -0.002932109 -0.002889212 0.016544763 -0.042463648 -0.146 5.39 0.007746814 0.005352197 -0.001670658 0.016813464 -0.045277721 -0.24 5.42 0.001278041 0.009123328 -0.011886213 0.016006284 -0.045350262
-0.146 5.39 0.007746814 0.005352197 -0.001670658 0.016813464 -0.045277721 -0.24 5.42 0.001278041 0.009123328 -0.011886213 0.016006284 -0.045350262 0.03 5.9 0.000987593 -0.02475499 0.001014713 -0.008488581 0.084988201
-0.24 5.42 0.001278041 0.009123328 -0.011886213 0.016006284 -0.045350262 0.03 5.9 0.000987593 -0.02475499 0.001014713 -0.008488581 0.084988201 0.073 6.14 0.004114507 -0.015672039 -0.002934208 -0.008561255 0.078329939
0.03 5.9 0.000987593 -0.02475499 0.001014713 -0.008488581 0.084988201 0.073 6.14 0.004114507 -0.015672039 -0.002934208 -0.008561255 0.078329939 -0.026 6.47 0.001410461 -0.026216167 -0.013540629 -0.008355462 0.070295892
0.073 6.14 0.004114507 -0.015672039 -0.002934208 -0.008561255 0.078329939 -0.026 6.47 0.001410461 -0.026216167 -0.013540629 -0.008355462 0.070295892 -0.048 6.51 0.001837644 0.005744086 -0.008398094 0.006545695 0.079541334
-0.026 6.47 0.001410461 -0.026216167 -0.013540629 -0.008355462 0.070295892 -0.048 6.51 0.001837644 0.005744086 -0.008398094 0.006545695 0.079541334 -0.122 6.56 0.001788972 -0.004891025 -0.015601667 0.006294008 0.071152985
-0.048 6.51 0.001837644 0.005744086 -0.008398094 0.006545695 0.079541334 -0.122 6.56 0.001788972 -0.004891025 -0.015601667 0.006294008 0.071152985 -0.205 6.7 -0.014828455 -0.038794456 -0.01002426 0.006462457 0.068495654
-0.122 6.56 0.001788972 -0.004891025 -0.015601667 0.006294008 0.071152985 -0.205 6.7 -0.014828455 -0.038794456 -0.01002426 0.006462457 0.068495654 0.106 6.78 0.005342239 -0.014171972 -0.003443162 0.022125383 -0.12495095
-0.205 6.7 -0.014828455 -0.038794456 -0.01002426 0.006462457 0.068495654 0.106 6.78 0.005342239 -0.014171972 -0.003443162 0.022125383 -0.12495095 0.042 6.79 0.018987319 -0.001799776 -0.008120417 0.019571973 -0.125787478
0.106 6.78 0.005342239 -0.014171972 -0.003443162 0.022125383 -0.12495095 0.042 6.79 0.018987319 -0.001799776 -0.008120417 0.019571973 -0.125787478 -0.069 6.89 0.020073952 0.042864492 -0.005772022 0.021231306 -0.155417156
0.042 6.79 0.018987319 -0.001799776 -0.008120417 0.019571973 -0.125787478 -0.069 6.89 0.020073952 0.042864492 -0.005772022 0.021231306 -0.155417156 -0.216 7.36 0.004655225 0.049452533 0.010676045 0.009559145 0.004639307
-0.069 6.89 0.020073952 0.042864492 -0.005772022 0.021231306 -0.155417156 -0.216 7.36 0.004655225 0.049452533 0.010676045 0.009559145 0.004639307 0.243 7.6 0.006468073 0.002563184 -0.010314315 0.009782715 0.004739857
-0.216 7.36 0.004655225 0.049452533 0.010676045 0.009559145 0.004639307 0.243 7.6 0.006468073 0.002563184 -0.010314315 0.009782715 0.004739857 -0.142 7.81 -0.000824775 -0.004824233 -0.026384821 0.009376886 0.004534848
0.243 7.6 0.006468073 0.002563184 -0.010314315 0.009782715 0.004739857 -0.142 7.81 -0.000824775 -0.004824233 -0.026384821 0.009376886 0.004534848 -0.064 8.04 0.004095413 0.066761073 -0.018867305 0.007762113 -0.046350132
-0.142 7.81 -0.000824775 -0.004824233 -0.026384821 0.009376886 0.004534848 -0.064 8.04 0.004095413 0.066761073 -0.018867305 0.007762113 -0.046350132 -0.156 8.45 0.002530994 0 0.002645338 0.007702327 -0.048166578
-0.064 8.04 0.004095413 0.066761073 -0.018867305 0.007762113 -0.046350132 -0.156 8.45 0.002530994 0 0.002645338 0.007702327 -0.048166578 0.133 8.96 0.007470883 -0.03227664 -0.017385122 0.007397801 -0.048540959
-0.156 8.45 0.002530994 0 0.002645338 0.007702327 -0.048166578 0.133 8.96 0.007470883 -0.03227664 -0.017385122 0.007397801 -0.048540959 0.168 9.76 0.007686567 -0.060332666 0.022529747 0.000559706 -0.008940752
0.133 8.96 0.007470883 -0.03227664 -0.017385122 0.007397801 -0.048540959 0.168 9.76 0.007686567 -0.060332666 0.022529747 0.000559706 -0.008940752 -0.042 10.03 0.004974885 0.014673778 0.005118293 0.000541352 -0.008720013
0.168 9.76 0.007686567 -0.060332666 0.022529747 0.000559706 -0.008940752 -0.042 10.03 0.004974885 0.014673778 0.005118293 0.000541352 -0.008720013 0 10.07 -0.005431898 0.036772604 -0.001245951 0.00055909 -0.00907914
-0.042 10.03 0.004974885 0.014673778 0.005118293 0.000541352 -0.008720013 0 10.07 -0.005431898 0.036772604 -0.001245951 0.00055909 -0.00907914 -0.152 10.06 0.004780547 -0.014954305 0.010418053 -0.000310338 0.007781874
0 10.07 -0.005431898 0.036772604 -0.001245951 0.00055909 -0.00907914 -0.152 10.06 0.004780547 -0.014954305 0.010418053 -0.000310338 0.007781874 0.133 10.09 0.003260209 0.018858019 0.00295676 -0.000280388 0.006969637
-0.152 10.06 0.004780547 -0.014954305 0.010418053 -0.000310338 0.007781874 0.133 10.09 0.003260209 0.018858019 0.00295676 -0.000280388 0.006969637 -0.064 10.01 -0.012087455 0.019783039 0.01028035 -0.000310521 0.00765762
0.133 10.09 0.003260209 0.018858019 0.00295676 -0.000280388 0.006969637 -0.064 10.01 -0.012087455 0.019783039 0.01028035 -0.000310521 0.00765762 0.105 10.24 0.009027707 -0.023486191 0.009693521 -0.00556725 -0.114772295
-0.064 10.01 -0.012087455 0.019783039 0.01028035 -0.000310521 0.00765762 0.105 10.24 0.009027707 -0.023486191 0.009693521 -0.00556725 -0.114772295 0 10.29 0.000210055 0.019560769 0.003971363 -0.005785573 -0.133310825
0.105 10.24 0.009027707 -0.023486191 0.009693521 -0.00556725 -0.114772295 0 10.29 0.000210055 0.019560769 0.003971363 -0.005785573 -0.133310825 0.761 10.47 -0.00167396 0.009784814 -0.017446529 -0.005630994 -0.148118659
0 10.29 0.000210055 0.019560769 0.003971363 -0.005785573 -0.133310825 0.761 10.47 -0.00167396 0.009784814 -0.017446529 -0.005630994 -0.148118659 0.322 10.94 -0.006609363 0.044748065 0.009124706 -0.005995181 -0.132148001
0.761 10.47 -0.00167396 0.009784814 -0.017446529 -0.005630994 -0.148118659 0.322 10.94 -0.006609363 0.044748065 0.009124706 -0.005995181 -0.132148001 -0.224 11.43 -0.00016905 0.011111225 0 -0.00603134 -0.152014048
0.322 10.94 -0.006609363 0.044748065 0.009124706 -0.005995181 -0.132148001 -0.224 11.43 -0.00016905 0.011111225 0 -0.00603134 -0.152014048 0 13.77 0.007235752 -0.038484336 0.011679141 -0.005871622 -0.173195182
-0.224 11.43 -0.00016905 0.011111225 0 -0.00603134 -0.152014048 0 13.77 0.007235752 -0.038484336 0.011679141 -0.005871622 -0.173195182 0.045 13.18 -0.001550395 -0.007684956 0.020379852 -0.002307108 -0.160836902
0 13.77 0.007235752 -0.038484336 0.011679141 -0.005871622 -0.173195182 0.045 13.18 -0.001550395 -0.007684956 0.020379852 -0.002307108 -0.160836902 0 13.78 0.000670267 0.038775543 -0.012748048 -0.002237765 -0.185094707
0.045 13.18 -0.001550395 -0.007684956 0.020379852 -0.002307108 -0.160836902 0 13.78 0.000670267 0.038775543 -0.012748048 -0.002237765 -0.185094707 -0.011 13.82 0.005394036 0.028351236 -0.003689382 -0.00231763 -0.234219675
0 13.78 0.000670267 0.038775543 -0.012748048 -0.002237765 -0.185094707 -0.011 13.82 0.005394036 0.028351236 -0.003689382 -0.00231763 -0.234219675 0.197 14.13 0.000270764 0.038908533 0.009611465 -0.029393617 -1.089706787
-0.011 13.82 0.005394036 0.028351236 -0.003689382 -0.00231763 -0.234219675 0.197 14.13 0.000270764 0.038908533 0.009611465 -0.029393617 -1.089706787 1.422 17.19 -0.004078811 -0.096438309 0.030585558 -0.028302119 11.52022915
0.197 14.13 0.000270764 0.038908533 0.009611465 -0.029393617 -1.089706787 1.422 17.19 -0.004078811 -0.096438309 0.030585558 -0.028302119 11.52022915 -3.221 17.61 -0.020063043 -0.01637013 0.00468492 -0.031166863 0.997229863
1.422 17.19 -0.004078811 -0.096438309 0.030585558 -0.028302119 11.52022915 -3.221 17.61 -0.020063043 -0.01637013 0.00468492 -0.031166863 0.997229863 -0.764 10.98 -0.02490851 0.044620596 -0.038345583 -0.021998741 0.341475316
-3.221 17.61 -0.020063043 -0.01637013 0.00468492 -0.031166863 0.997229863 -0.764 10.98 -0.02490851 0.044620596 -0.038345583 -0.021998741 0.341475316 0 9.47 -0.013006439 0.06209822 -0.017807462 -0.023252162 0.263246871
-0.764 10.98 -0.02490851 0.044620596 -0.038345583 -0.021998741 0.341475316 0 9.47 -0.013006439 0.06209822 -0.017807462 -0.023252162 0.263246871 0.403 9.03 -0.007058821 0.044375881 -0.008476679 -0.023028884 0.201827728
0 9.47 -0.013006439 0.06209822 -0.017807462 -0.023252162 0.263246871 0.403 9.03 -0.007058821 0.044375881 -0.008476679 -0.023028884 0.201827728 -0.198 9.61 0.003130645 0.03041747 0.010404159 0.030922611 -0.143570199
0.403 9.03 -0.007058821 0.044375881 -0.008476679 -0.023028884 0.201827728 -0.198 9.61 0.003130645 0.03041747 0.010404159 0.030922611 -0.143570199 0.771 10.87 0.016365779 0.024001152 -0.013937086 0.029995015 -0.165557305
-0.198 9.61 0.003130645 0.03041747 0.010404159 0.030922611 -0.143570199 0.771 10.87 0.016365779 0.024001152 -0.013937086 0.029995015 -0.165557305 1.218 12.81 0.012631544 0.028829422 0.002681294 0.028195169 -0.189673775
0.771 10.87 0.016365779 0.024001152 -0.013937086 0.029995015 -0.165557305 1.218 12.81 0.012631544 0.028829422 0.002681294 0.028195169 -0.189673775 1.871 15.85 0.016603508 0.041374837 0.01952575 0.030711202 -0.096920015
1.218 12.81 0.012631544 0.028829422 0.002681294 0.028195169 -0.189673775 1.871 15.85 0.016603508 0.041374837 0.01952575 0.030711202 -0.096920015 -0.634 18.9 0.006634667 -0.016345089 0.010685131 0.028848626 -0.10252762
1.871 15.85 0.016603508 0.041374837 0.01952575 0.030711202 -0.096920015 -0.634 18.9 0.006634667 -0.016345089 0.010685131 0.028848626 -0.10252762 0 19.08 -0.00643089 -0.00375235 -0.015710868 0.028960914 -0.116544242
-0.634 18.9 0.006634667 -0.016345089 0.010685131 0.028848626 -0.10252762 0 19.08 -0.00643089 -0.00375235 -0.015710868 0.028960914 -0.116544242 -0.783 15.93 -0.004270343 -0.035198737 0.028034245 -0.014378719 0.027868629
0 19.08 -0.00643089 -0.00375235 -0.015710868 0.028960914 -0.116544242 -0.783 15.93 -0.004270343 -0.035198737 0.028034245 -0.014378719 0.027868629 0.307 14.7 0.005075246 0.036701367 0.001981006 -0.01316736 0.024608738
-0.783 15.93 -0.004270343 -0.035198737 0.028034245 -0.014378719 0.027868629 0.307 14.7 0.005075246 0.036701367 0.001981006 -0.01316736 0.024608738 0 15.72 -0.004406495 0.00896867 0.012839226 -0.014783285 0.026721165
0.307 14.7 0.005075246 0.036701367 0.001981006 -0.01316736 0.024608738 0 15.72 -0.004406495 0.00896867 0.012839226 -0.014783285 0.026721165 1.515 18.52 0.005715282 -0.020293819 0.027097628 0.018410661 -0.063081272
0 15.72 -0.004406495 0.00896867 0.012839226 -0.014783285 0.026721165 1.515 18.52 0.005715282 -0.020293819 0.027097628 0.018410661 -0.063081272 0 19.1 0.005081934 0.004545462 0.017738824 0.018674828 -0.069018689
1.515 18.52 0.005715282 -0.020293819 0.027097628 0.018410661 -0.063081272 0 19.1 0.005081934 0.004545462 0.017738824 0.018674828 -0.069018689 -0.611 19.04 0.006533741 -0.024484773 0.026138899 0.017746309 -0.071174864
0 19.1 0.005081934 0.004545462 0.017738824 0.018674828 -0.069018689 -0.611 19.04 0.006533741 -0.024484773 0.026138899 0.017746309 -0.071174864 -0.041 17.82 -0.001247224 0.003865486 0.01729945 -0.011936825 -0.15273657
-0.611 19.04 0.006533741 -0.024484773 0.026138899 0.017746309 -0.071174864 -0.041 17.82 -0.001247224 0.003865486 0.01729945 -0.011936825 -0.15273657 0 15.87 -0.004827568 -0.091229013 -0.020301489 -0.012081036 -0.181603968
-0.041 17.82 -0.001247224 0.003865486 0.01729945 -0.011936825 -0.15273657 0 15.87 -0.004827568 -0.091229013 -0.020301489 -0.012081036 -0.181603968 -0.574 15.08 -0.007917138 0.012599915 -0.011773101 -0.011831954 -0.216312678
0 15.87 -0.004827568 -0.091229013 -0.020301489 -0.012081036 -0.181603968 -0.574 15.08 -0.007917138 0.012599915 -0.011773101 -0.011831954 -0.216312678 -0.356 13.31 -0.011691083 0.025547331 -0.018310911 -0.032391839 -0.196402518
-0.574 15.08 -0.007917138 0.012599915 -0.011773101 -0.011831954 -0.216312678 -0.356 13.31 -0.011691083 0.025547331 -0.018310911 -0.032391839 -0.196402518 0.1 12.37 -0.010690428 0.007296344 -0.002548337 -0.032378739 -0.238981929
-0.356 13.31 -0.011691083 0.025547331 -0.018310911 -0.032391839 -0.196402518 0.1 12.37 -0.010690428 0.007296344 -0.002548337 -0.032378739 -0.238981929 0 13.22 -0.020861933 -0.053932605 0.0077357 -0.03459723 -0.327892391
0.1 12.37 -0.010690428 0.007296344 -0.002548337 -0.032378739 -0.238981929 0 13.22 -0.020861933 -0.053932605 0.0077357 -0.03459723 -0.327892391 1.021 14.78 0.020158261 -0.024159933 0.035789538 -0.000262163 0.68632259
0 13.22 -0.020861933 -0.053932605 0.0077357 -0.03459723 -0.327892391 1.021 14.78 0.020158261 -0.024159933 0.035789538 -0.000262163 0.68632259 -0.435 14.68 -0.006666296 -0.032848049 0.029512397 -0.000236851 0.36651112
1.021 14.78 0.020158261 -0.024159933 0.035789538 -0.000262163 0.68632259 -0.435 14.68 -0.006666296 -0.032848049 0.029512397 -0.000236851 0.36651112 0 14.94 -0.009275242 0.048446285 0.004321884 -0.000262294 0.296062132
-0.435 14.68 -0.006666296 -0.032848049 0.029512397 -0.000236851 0.36651112 0 14.94 -0.009275242 0.048446285 0.004321884 -0.000262294 0.296062132 -0.056 14.45 -0.006679415 0.000859476 -0.017087352 -0.003025377 -0.889923291
0 14.94 -0.009275242 0.048446285 0.004321884 -0.000262294 0.296062132 -0.056 14.45 -0.006679415 0.000859476 -0.017087352 -0.003025377 -0.889923291 0 14.15 -0.002606562 -0.059283168 0.045532005 -0.003135869 -8.375521529
-0.056 14.45 -0.006679415 0.000859476 -0.017087352 -0.003025377 -0.889923291 0 14.15 -0.002606562 -0.059283168 0.045532005 -0.003135869 -8.375521529 -0.196 12.59 -0.003292031 -0.002738477 0.011115636 -0.003044103 1.101778715
0 14.15 -0.002606562 -0.059283168 0.045532005 -0.003135869 -8.375521529 -0.196 12.59 -0.003292031 -0.002738477 0.011115636 -0.003044103 1.101778715 -0.211 10.12 -0.009170801 0.002738477 0.02793233 -0.026391613 0.024332359
-0.196 12.59 -0.003292031 -0.002738477 0.011115636 -0.003044103 1.101778715 -0.211 10.12 -0.009170801 0.002738477 0.02793233 -0.026391613 0.024332359 0 10.31 -0.002468725 0.109545003 -0.012458513 -0.027107055 0.023747957
-0.211 10.12 -0.009170801 0.002738477 0.02793233 -0.026391613 0.024332359 0 10.31 -0.002468725 0.109545003 -0.012458513 -0.027107055 0.023747957 -0.242 9.71 -0.009727583 0.080796571 0.009575004 -0.02695136 0.022442828
0 10.31 -0.002468725 0.109545003 -0.012458513 -0.027107055 0.023747957 -0.242 9.71 -0.009727583 0.080796571 0.009575004 -0.02695136 0.022442828 0.125 9.2 -0.0032538 0.039887119 -0.004147583 0.011606891 0.037739
-0.242 9.71 -0.009727583 0.080796571 0.009575004 -0.02695136 0.022442828 0.125 9.2 -0.0032538 0.039887119 -0.004147583 0.011606891 0.037739 0.651 8.95 -0.007099567 0.009369438 -0.018043109 0.011105643 0.034888608
0.125 9.2 -0.0032538 0.039887119 -0.004147583 0.011606891 0.037739 0.651 8.95 -0.007099567 0.009369438 -0.018043109 0.011105643 0.034888608 0 8.68 0.018463803 0.034546967 0.00363476 0.011347714 0.034535753
0.651 8.95 -0.007099567 0.009369438 -0.018043109 0.011105643 0.034888608 0 8.68 0.018463803 0.034546967 0.00363476 0.011347714 0.034535753 0.185 8.51 -0.006294942 0.01717665 0.004598159 0.030048103 0.363626916
0 8.68 0.018463803 0.034546967 0.00363476 0.011347714 0.034535753 0.185 8.51 -0.006294942 0.01717665 0.004598159 0.030048103 0.363626916 0.145 8.77 0.008404652 0.034151293 -0.0017585 0.026385344 0.23731552
0.185 8.51 -0.006294942 0.01717665 0.004598159 0.030048103 0.363626916 0.145 8.77 0.008404652 0.034151293 -0.0017585 0.026385344 0.23731552 0 8.8 0.01258006 0.037472084 0.001953698 0.028422549 0.209251381
0.145 8.77 0.008404652 0.034151293 -0.0017585 0.026385344 0.23731552 0 8.8 0.01258006 0.037472084 0.001953698 0.028422549 0.209251381 -0.019 8.63 0.006015118 0.039781504 -0.003029861 0.020429778 0.154198278
0 8.8 0.01258006 0.037472084 0.001953698 0.028422549 0.209251381 -0.019 8.63 0.006015118 0.039781504 -0.003029861 0.020429778 0.154198278 0 8.98 0.00610741 0.01391853 0.013804049 0.020681248 0.136225628
-0.019 8.63 0.006015118 0.039781504 -0.003029861 0.020429778 0.154198278 0 8.98 0.00610741 0.01391853 0.013804049 0.020681248 0.136225628 -0.008 9.37 0.014783412 0.003599284 0.003661949 0.019614935 0.114501367
0 8.98 0.00610741 0.01391853 0.013804049 0.020681248 0.136225628 -0.008 9.37 0.014783412 0.003599284 0.003661949 0.019614935 0.114501367 -0.234 9.56 0.011758988 -0.027931385 0.012617258 0.032254429 0.05272276
-0.008 9.37 0.014783412 0.003599284 0.003661949 0.019614935 0.114501367 -0.234 9.56 0.011758988 -0.027931385 0.012617258 0.032254429 0.05272276 0 9.45 0.014439995 0.029128273 -0.003234709 0.031246506 0.049387936
-0.234 9.56 0.011758988 -0.027931385 0.012617258 0.032254429 0.05272276 0 9.45 0.014439995 0.029128273 -0.003234709 0.031246506 0.049387936 0.282 9.48 0.007616782 0.002985968 -0.019145325 0.029336459 0.044928262
0 9.45 0.014439995 0.029128273 -0.003234709 0.031246506 0.049387936 0.282 9.48 0.007616782 0.002985968 -0.019145325 0.029336459 0.044928262 -0.172 9.34 0.004450101 -0.015019808 0.008800405 0.032046031 0.097494753
0.282 9.48 0.007616782 0.002985968 -0.019145325 0.029336459 0.044928262 -0.172 9.34 0.004450101 -0.015019808 0.008800405 0.032046031 0.097494753 0.217 9.47 0.005008739 -0.004854378 0.010059001 0.030064153 0.084868315
-0.172 9.34 0.004450101 -0.015019808 0.008800405 0.032046031 0.097494753 0.217 9.47 0.005008739 -0.004854378 0.010059001 0.030064153 0.084868315 0.257 9.56 0.019763305 0.012092046 0.005513322 0.030144986 0.079809131
0.217 9.47 0.005008739 -0.004854378 0.010059001 0.030064153 0.084868315 0.257 9.56 0.019763305 0.012092046 0.005513322 0.030144986 0.079809131 0 9.59 0.004384097 -0.056239718 -0.012880014 0.011017345 0.025730115
0.257 9.56 0.019763305 0.012092046 0.005513322 0.030144986 0.079809131 0 9.59 0.004384097 -0.056239718 -0.012880014 0.011017345 0.025730115 -0.101 9.91 0.00488382 0.000635526 -0.017826475 0.010197806 0.023202003
0 9.59 0.004384097 -0.056239718 -0.012880014 0.011017345 0.025730115 -0.101 9.91 0.00488382 0.000635526 -0.017826475 0.010197806 0.023202003 0 10.29 0.005899393 0.001269841 0.007013471 0.010787315 0.023968286
-0.101 9.91 0.00488382 0.000635526 -0.017826475 0.010197806 0.023202003 0 10.29 0.005899393 0.001269841 0.007013471 0.010787315 0.023968286 0.173 10.32 0.005412888 -0.006365394 0.019037206 0.007108705 0.00886436
0 10.29 0.005899393 0.001269841 0.007013471 0.010787315 0.023968286 0.173 10.32 0.005412888 -0.006365394 0.019037206 0.007108705 0.00886436 0 11.06 0.003661011 -0.022603481 0.006076737 0.007292956 0.009021061
0.173 10.32 0.005412888 -0.006365394 0.019037206 0.007108705 0.00886436 0 11.06 0.003661011 -0.022603481 0.006076737 0.007292956 0.009021061 0.327 11.23 0.00276632 -0.013149433 0.02763432 0.007007416 0.008596633
0 11.06 0.003661011 -0.022603481 0.006076737 0.007292956 0.009021061 0.327 11.23 0.00276632 -0.013149433 0.02763432 0.007007416 0.008596633 -0.061 11.64 0.001029678 0.084360613 0.003034067 -0.004380224 0.015485396
0.327 11.23 0.00276632 -0.013149433 0.02763432 0.007007416 0.008596633 -0.061 11.64 0.001029678 0.084360613 0.003034067 -0.004380224 0.015485396 0 11.3 -0.002965481 0.010287534 0.01765287 -0.004399495 0.015165371
-0.061 11.64 0.001029678 0.084360613 0.003034067 -0.004380224 0.015485396 0 11.3 -0.002965481 0.010287534 0.01765287 -0.004399495 0.015165371 0.035 9.99 -0.000110206 -0.007857399 0.006921065 -0.004276085 0.014378886
0 11.3 -0.002965481 0.010287534 0.01765287 -0.004399495 0.015165371 0.035 9.99 -0.000110206 -0.007857399 0.006921065 -0.004276085 0.014378886 -0.546 9.43 0.003363148 0.009060769 -0.01280104 -0.009281633 -0.033038925
0.035 9.99 -0.000110206 -0.007857399 0.006921065 -0.004276085 0.014378886 -0.546 9.43 0.003363148 0.009060769 -0.01280104 -0.009281633 -0.033038925 -0.144 8.38 0.000322151 -0.010882816 0.015127247 -0.009065003 -0.032854523
-0.546 9.43 0.003363148 0.009060769 -0.01280104 -0.009281633 -0.033038925 -0.144 8.38 0.000322151 -0.010882816 0.015127247 -0.009065003 -0.032854523 0 8.35 -0.000172045 0.042255617 0.010931985 -0.009454306 -0.034879601
-0.144 8.38 0.000322151 -0.010882816 0.015127247 -0.009065003 -0.032854523 0 8.35 -0.000172045 0.042255617 0.010931985 -0.009454306 -0.034879601 -0.158 8.5 0.002747347 0.052778205 0.024535216 0.005849585 0.066101312
0 8.35 -0.000172045 0.042255617 0.010931985 -0.009454306 -0.034879601 -0.158 8.5 0.002747347 0.052778205 0.024535216 0.005849585 0.066101312 0.201 8.58 0.001510291 -0.008326443 0.003616018 0.005254245 0.055681176
-0.158 8.5 0.002747347 0.052778205 0.024535216 0.005849585 0.066101312 0.201 8.58 0.001510291 -0.008326443 0.003616018 0.005254245 0.055681176 0 8.27 -0.00217861 0.006666691 -0.034002314 0.005785178 0.05806137
0.201 8.58 0.001510291 -0.008326443 0.003616018 0.005254245 0.055681176 0 8.27 -0.00217861 0.006666691 -0.034002314 0.005785178 0.05806137 -0.104 7.97 0.001452934 0.023530497 0.005674277 -0.002249978 -0.004211698
0 8.27 -0.00217861 0.006666691 -0.034002314 0.005785178 0.05806137 -0.104 7.97 0.001452934 0.023530497 0.005674277 -0.002249978 -0.004211698 0 7.53 -0.000485293 0.021402636 -0.008612706 -0.002330308 -0.004326204
-0.104 7.97 0.001452934 0.023530497 0.005674277 -0.002249978 -0.004211698 0 7.53 -0.000485293 0.021402636 -0.008612706 -0.002330308 -0.004326204 0.06 7.88 -0.004743077 0.018878379 -0.011660371 -0.0022603189999999 -0.00416244
0 7.53 -0.000485293 0.021402636 -0.008612706 -0.002330308 -0.004326204 0.06 7.88 -0.004743077 0.018878379 -0.011660371 -0.0022603189999999 -0.00416244 0.186 7.9 0.003037209 -0.022059718 -0.00933612 0.012342877 0.018228361
0.06 7.88 -0.004743077 0.018878379 -0.011660371 -0.0022603189999999 -0.00416244 0.186 7.9 0.003037209 -0.022059718 -0.00933612 0.012342877 0.018228361 0 7.92 0.003377861 -0.022557347 0.010958766 0.012192386 0.017812791
0.186 7.9 0.003037209 -0.022059718 -0.00933612 0.012342877 0.018228361 0 7.92 0.003377861 -0.022557347 0.010958766 0.012192386 0.017812791 0.104 7.99 -0.003114668 0.011342277 -0.042598778 0.011659211 0.016853628
0 7.92 0.003377861 -0.022557347 0.010958766 0.012192386 0.017812791 0.104 7.99 -0.003114668 0.011342277 -0.042598778 0.011659211 0.016853628 0.021 8.05 0.003511742 0.058917219 -0.001505033 -9.88e-05 -0.028985673
0.104 7.99 -0.003114668 0.011342277 -0.042598778 0.011659211 0.016853628 0.021 8.05 0.003511742 0.058917219 -0.001505033 -9.88e-05 -0.028985673 -0.069 8.27 0.009583811 0.048428435 -0.011741447 -9.56e-05 -0.028710239
0.021 8.05 0.003511742 0.058917219 -0.001505033 -9.88e-05 -0.028985673 -0.069 8.27 0.009583811 0.048428435 -0.011741447 -9.56e-05 -0.028710239 0 8.14 0.005520329 0.004332137 -0.01709936 -9.88e-05 -0.030356824
-0.069 8.27 0.009583811 0.048428435 -0.011741447 -9.56e-05 -0.028710239 0 8.14 0.005520329 0.004332137 -0.01709936 -9.88e-05 -0.030356824 -0.11 7.86 -0.007043823 0.052397392 -0.036608103 -0.006031564 0.041784841
0 8.14 0.005520329 0.004332137 -0.01709936 -9.88e-05 -0.030356824 -0.11 7.86 -0.007043823 0.052397392 -0.036608103 -0.006031564 0.041784841 0 7.48 -0.007148372 0.057133092 -0.023181193 -0.005479311 0.036120765
-0.11 7.86 -0.007043823 0.052397392 -0.036608103 -0.006031564 0.041784841 0 7.48 -0.007148372 0.057133092 -0.023181193 -0.005479311 0.036120765 0.207 6.99 0.001432678 0.024241034 -0.011691199 -0.006101608 0.03848328
0 7.48 -0.007148372 0.057133092 -0.023181193 -0.005479311 0.036120765 0.207 6.99 0.001432678 0.024241034 -0.011691199 -0.006101608 0.03848328 0.076 6.85 0.001475983 0.002098637 -0.016685418 -0.008907562 0.009707087
0.207 6.99 0.001432678 0.024241034 -0.011691199 -0.006101608 0.03848328 0.076 6.85 0.001475983 0.002098637 -0.016685418 -0.008907562 0.009707087 0 6.92 -0.004037339 0.028112641 0.016373162 -0.009288604 0.009870924
0.076 6.85 0.001475983 0.002098637 -0.016685418 -0.008907562 0.009707087 0 6.92 -0.004037339 0.028112641 0.016373162 -0.009288604 0.009870924 -0.168 6.56 0.006512386 -0.021010042 -0.024554687 -0.009071874 0.009399052
0 6.92 -0.004037339 0.028112641 0.016373162 -0.009288604 0.009870924 -0.168 6.56 0.006512386 -0.021010042 -0.024554687 -0.009071874 0.009399052 -0.234 6.17 -0.001856617 0.019786301 -0.013317778 0.001008058 -0.022295177
-0.168 6.56 0.006512386 -0.021010042 -0.024554687 -0.009071874 0.009399052 -0.234 6.17 -0.001856617 0.019786301 -0.013317778 0.001008058 -0.022295177 0.001 5.89 0.002549474 -0.027727826 0.000648508 0.001007043 -0.022721453
-0.234 6.17 -0.001856617 0.019786301 -0.013317778 0.001008058 -0.022295177 0.001 5.89 0.002549474 -0.027727826 0.000648508 0.001007043 -0.022721453 0 5.85 0.004253341 -0.003783902 0.000540103 0.000973593 -0.022420135
0.001 5.89 0.002549474 -0.027727826 0.000648508 0.001007043 -0.022721453 0 5.85 0.004253341 -0.003783902 0.000540103 0.000973593 -0.022420135 0.021 6.04 0.003998607 0.031919808 0.013302063 0.009052249 -0.010281903
0 5.85 0.004253341 -0.003783902 0.000540103 0.000973593 -0.022420135 0.021 6.04 0.003998607 0.031919808 0.013302063 0.009052249 -0.010281903 -0.082 6.91 0.009439539 0.014178889 -0.008454221 0.008682905 -0.01000439
0.021 6.04 0.003998607 0.031919808 0.013302063 0.009052249 -0.010281903 -0.082 6.91 0.009439539 0.014178889 -0.008454221 0.008682905 -0.01000439 0 6.43 -0.003493735 0.061996072 -0.031883911 0.008893827 -0.010391354
-0.082 6.91 0.009439539 0.014178889 -0.008454221 0.008682905 -0.01000439 0 6.43 -0.003493735 0.061996072 -0.031883911 0.008893827 -0.010391354 0.176 6.1 0.013094912 0.060157483 -0.010596273 0.000179367 -0.009696974
0 6.43 -0.003493735 0.061996072 -0.031883911 0.008893827 -0.010391354 0.176 6.1 0.013094912 0.060157483 -0.010596273 0.000179367 -0.009696974 0.191 6.13 0.001447195 0.040465933 -0.007315322 0.000161982 -0.008782247
0.176 6.1 0.013094912 0.060157483 -0.010596273 0.000179367 -0.009696974 0.191 6.13 0.001447195 0.040465933 -0.007315322 0.000161982 -0.008782247 0 6.37 0.006311114 -0.011000455 -0.023428304 0.000179306 -0.009740756
0.191 6.13 0.001447195 0.040465933 -0.007315322 0.000161982 -0.008782247 0 6.37 0.006311114 -0.011000455 -0.023428304 0.000179306 -0.009740756 0.238 6.85 0.006302767 -0.000691563 -0.009293747 4.81e-05 -0.018323154
0 6.37 0.006311114 -0.011000455 -0.023428304 0.000179306 -0.009740756 0.238 6.85 0.006302767 -0.000691563 -0.009293747 4.81e-05 -0.018323154 0 6.73 0.005166029 0.041665637 0.012065112 4.97e-05 -0.019175862
0.238 6.85 0.006302767 -0.000691563 -0.009293747 4.81e-05 -0.018323154 0 6.73 0.005166029 0.041665637 0.012065112 4.97e-05 -0.019175862 -0.041 6.58 0.006797065 0.02845654 0.011465386 4.81e-05 -0.018811059
0 6.73 0.005166029 0.041665637 0.012065112 4.97e-05 -0.019175862 -0.041 6.58 0.006797065 0.02845654 0.011465386 4.81e-05 -0.018811059 -0.021 6.73 0.007478082 0.060377992 -0.00251113 0.022699793 -0.012660961
-0.041 6.58 0.006797065 0.02845654 0.011465386 4.81e-05 -0.018811059 -0.021 6.73 0.007478082 0.060377992 -0.00251113 0.022699793 -0.012660961 -0.147 7.22 0.003931774 -0.033022596 -0.017524082 0.022195929 -0.012676638
-0.021 6.73 0.007478082 0.060377992 -0.00251113 0.022699793 -0.012660961 -0.147 7.22 0.003931774 -0.033022596 -0.017524082 0.022195929 -0.012676638 0 7.29 0.013233495 -0.128746588 -0.00419581 0.021020808 -0.012286161
-0.147 7.22 0.003931774 -0.033022596 -0.017524082 0.022195929 -0.012676638 0 7.29 0.013233495 -0.128746588 -0.00419581 0.021020808 -0.012286161 -0.085 6.69 0.004865946 -0.134245423 -0.028671553 -0.016307922 -0.068730335
0 7.29 0.013233495 -0.128746588 -0.00419581 0.021020808 -0.012286161 -0.085 6.69 0.004865946 -0.134245423 -0.028671553 -0.016307922 -0.068730335 -0.18 6.77 0.005592547 -0.016461277 -0.024085826 -0.01603919 -0.071178153
-0.085 6.69 0.004865946 -0.134245423 -0.028671553 -0.016307922 -0.068730335 -0.18 6.77 0.005592547 -0.016461277 -0.024085826 -0.01603919 -0.071178153 0 6.83 -0.000197008 0.038661987 -0.009774281 -0.016848602 -0.078917162
-0.18 6.77 0.005592547 -0.016461277 -0.024085826 -0.01603919 -0.071178153 0 6.83 -0.000197008 0.038661987 -0.009774281 -0.016848602 -0.078917162 -0.224 6.58 0.004999271 0.029888186 0.003227411 0.008083872 -0.06541292
0 6.83 -0.000197008 0.038661987 -0.009774281 -0.016848602 -0.078917162 -0.224 6.58 0.004999271 0.029888186 0.003227411 0.008083872 -0.06541292 0.018 6.58 0.002464822 0.029020746 -0.016242236 0.007503625 -0.064913282
-0.224 6.58 0.004999271 0.029888186 0.003227411 0.008083872 -0.06541292 0.018 6.58 0.002464822 0.029020746 -0.016242236 0.007503625 -0.064913282 0 6.87 0.005784379 -0.011735891 -0.010891698 0.007959338 -0.073572498
0.018 6.58 0.002464822 0.029020746 -0.016242236 0.007503625 -0.064913282 0 6.87 0.005784379 -0.011735891 -0.010891698 0.007959338 -0.073572498 0.188 7.09 -0.002018273 -0.025063969 0.000636497 0.001829793 0.012656334
0 6.87 0.005784379 -0.011735891 -0.010891698 0.007959338 -0.073572498 0.188 7.09 -0.002018273 -0.025063969 0.000636497 0.001829793 0.012656334 0.308 7.51 0.002896927 0.055443203 0.014528712 0.001887275 0.012864229
0.188 7.09 -0.002018273 -0.025063969 0.000636497 0.001829793 0.012656334 0.308 7.51 0.002896927 0.055443203 0.014528712 0.001887275 0.012864229 0 7.75 0.000146911 -0.005928139 0.025753559 0.001823011 0.01224314
0.308 7.51 0.002896927 0.055443203 0.014528712 0.001887275 0.012864229 0 7.75 0.000146911 -0.005928139 0.025753559 0.001823011 0.01224314 -0.182 8.01 0.005001679 -0.020270964 0.009610195 0.005128843 0.005643098
0 7.75 0.000146911 -0.005928139 0.025753559 0.001823011 0.01224314 -0.182 8.01 0.005001679 -0.020270964 0.009610195 0.005128843 0.005643098 -0.067 8.19 -0.003129633 0.016174887 0.003987198 0.005102673 0.005561492
-0.182 8.01 0.005001679 -0.020270964 0.009610195 0.005128843 0.005643098 -0.067 8.19 -0.003129633 0.016174887 0.003987198 0.005102673 0.005561492 0 8.3 0.004301536 0.034473527 -0.024412295 0.004913402 0.005305657
-0.067 8.19 -0.003129633 0.016174887 0.003987198 0.005102673 0.005561492 0 8.3 0.004301536 0.034473527 -0.024412295 0.004913402 0.005305657 -0.009 8.35 0.002415756 -0.023341687 -0.02603727 0.01137192 -0.045952989
0 8.3 0.004301536 0.034473527 -0.024412295 0.004913402 0.005305657 -0.009 8.35 0.002415756 -0.023341687 -0.02603727 0.01137192 -0.045952989 0.446 8.76 0.004519309 0.020092 -0.004958373 0.010883307 -0.046300597
-0.009 8.35 0.002415756 -0.023341687 -0.02603727 0.01137192 -0.045952989 0.446 8.76 0.004519309 0.020092 -0.004958373 0.010883307 -0.046300597 0 9.12 0.002945349 0.031680884 0.018186912 0.011123017 -0.04983202
0.446 8.76 0.004519309 0.020092 -0.004958373 0.010883307 -0.046300597 0 9.12 0.002945349 0.031680884 0.018186912 0.011123017 -0.04983202 0.297 9.36 -0.004434997 0.029688062 0.004869227 -0.003337458 -0.083371181
0 9.12 0.002945349 0.031680884 0.018186912 0.011123017 -0.04983202 0.297 9.36 -0.004434997 0.029688062 0.004869227 -0.003337458 -0.083371181 0.061 9.85 0.002497608 -0.004431574 0.011762657 -0.003024082 -0.081743198
0.297 9.36 -0.004434997 0.029688062 0.004869227 -0.003337458 -0.083371181 0.061 9.85 0.002497608 -0.004431574 0.011762657 -0.003024082 -0.081743198 0 9.84 -0.000149681 0.032271708 0.000492247 -0.003358793 -0.098068524
0.061 9.85 0.002497608 -0.004431574 0.011762657 -0.003024082 -0.081743198 0 9.84 -0.000149681 0.032271708 0.000492247 -0.003358793 -0.098068524 0.153 9.81 -0.005701295 0.037654562 0.02310695 -0.002964187 -0.034782009
0 9.84 -0.000149681 0.032271708 0.000492247 -0.003358793 -0.098068524 0.153 9.81 -0.005701295 0.037654562 0.02310695 -0.002964187 -0.034782009 0 9.53 -7.61e-05 0.030742697 0.018698812 -0.003072252 -0.037052592
0.153 9.81 -0.005701295 0.037654562 0.02310695 -0.002964187 -0.034782009 0 9.53 -7.61e-05 0.030742697 0.018698812 -0.003072252 -0.037052592 0.075 9.24 -0.00969396 0.025016558 -0.020985628 -0.002982161 -0.037053541
0 9.53 -7.61e-05 0.030742697 0.018698812 -0.003072252 -0.037052592 0.075 9.24 -0.00969396 0.025016558 -0.020985628 -0.002982161 -0.037053541 -0.139 8.99 0.00975062 0.043337659 0.003968498 -0.002502705 0.014775798
0.075 9.24 -0.00969396 0.025016558 -0.020985628 -0.002982161 -0.037053541 -0.139 8.99 0.00975062 0.043337659 0.003968498 -0.002502705 0.014775798 0 9.02 -0.003138967 0.002017582 0.009555734 -0.002508984 0.014541349
-0.139 8.99 0.00975062 0.043337659 0.003968498 -0.002502705 0.014775798 0 9.02 -0.003138967 0.002017582 0.009555734 -0.002508984 0.014541349 -0.087 8.84 -0.001348758 0.000287894 -0.017387572 -0.002434058 0.013852496
0 9.02 -0.003138967 0.002017582 0.009555734 -0.002508984 0.014541349 -0.087 8.84 -0.001348758 0.000287894 -0.017387572 -0.002434058 0.013852496 0.108 8.55 0.003373352 -0.020943174 0.003863339 0.003340612 -0.028875239
-0.087 8.84 -0.001348758 0.000287894 -0.017387572 -0.002434058 0.013852496 0.108 8.55 0.003373352 -0.020943174 0.003863339 0.003340612 -0.028875239 -0.067 8.45 0.005469228 0.024391453 -0.014198406 0.00322226 -0.028567645
0.108 8.55 0.003373352 -0.020943174 0.003863339 0.003340612 -0.028875239 -0.067 8.45 0.005469228 0.024391453 -0.014198406 0.00322226 -0.028567645 0 8.23 -0.005070633 -0.025067755 -0.005023597 0.003318796 -0.030170195
-0.067 8.45 0.005469228 0.024391453 -0.014198406 0.00322226 -0.028567645 0 8.23 -0.005070633 -0.025067755 -0.005023597 0.003318796 -0.030170195 0.313 8.24 0.009040641 -0.028402017 0.001350273 0.000107453 -0.051743957
0 8.23 -0.005070633 -0.025067755 -0.005023597 0.003318796 -0.030170195 0.313 8.24 0.009040641 -0.028402017 0.001350273 0.000107453 -0.051743957 -0.094 8.28 0.004969203 0.023950555 0.018233154 9.7e-05 -0.049169771
0.313 8.24 0.009040641 -0.028402017 0.001350273 0.000107453 -0.051743957 -0.094 8.28 0.004969203 0.023950555 0.018233154 9.7e-05 -0.049169771 0 8.26 -0.00262325 -0.000827619 -0.002532716 0.000107431 -0.057117343
-0.094 8.28 0.004969203 0.023950555 0.018233154 9.7e-05 -0.049169771 0 8.26 -0.00262325 -0.000827619 -0.002532716 0.000107431 -0.057117343 0.044 8.18 0.003036903 0.035068887 -0.013617232 -0.006411348 -0.048218687
0 8.26 -0.00262325 -0.000827619 -0.002532716 0.000107431 -0.057117343 0.044 8.18 0.003036903 0.035068887 -0.013617232 -0.006411348 -0.048218687 0 8.29 0.003385835 0.028539593 0.005615249 -0.006668528 -0.052326882
0.044 8.18 0.003036903 0.035068887 -0.013617232 -0.006411348 -0.048218687 0 8.29 0.003385835 0.028539593 0.005615249 -0.006668528 -0.052326882 -0.066 8.15 -0.001748873 -0.000999417 -0.02028966 -0.006496033 -0.053411172
0 8.29 0.003385835 0.028539593 0.005615249 -0.006668528 -0.052326882 -0.066 8.15 -0.001748873 -0.000999417 -0.02028966 -0.006496033 -0.053411172 0.15 8.13 0.00348675 -0.084824558 -0.016154631 -0.019029761 -0.179220784
-0.066 8.15 -0.001748873 -0.000999417 -0.02028966 -0.006496033 -0.053411172 0.15 8.13 0.00348675 -0.084824558 -0.016154631 -0.019029761 -0.179220784 0 8.2 7.63e-05 -0.047489423 -0.01155495 -0.019398929 -0.219702385
0.15 8.13 0.00348675 -0.084824558 -0.016154631 -0.019029761 -0.179220784 0 8.2 7.63e-05 -0.047489423 -0.01155495 -0.019398929 -0.219702385 -0.119 8.11 -0.005859653 -0.026634829 -0.025612576 -0.019138407 -0.27413954
0 8.2 7.63e-05 -0.047489423 -0.01155495 -0.019398929 -0.219702385 -0.119 8.11 -0.005859653 -0.026634829 -0.025612576 -0.019138407 -0.27413954 -0.018 7.81 -0.012797144 0.0262543 -0.006441034 -0.011275345 -0.188417995
-0.119 8.11 -0.005859653 -0.026634829 -0.025612576 -0.019138407 -0.27413954 -0.018 7.81 -0.012797144 0.0262543 -0.006441034 -0.011275345 -0.188417995 -0.159 7.31 -0.007366597 0.041804733 0.009972527 -0.011034023 -0.225371548
-0.018 7.81 -0.012797144 0.0262543 -0.006441034 -0.011275345 -0.188417995 -0.159 7.31 -0.007366597 0.041804733 0.009972527 -0.011034023 -0.225371548 0 6.91 -0.003261191 -0.009965844 -0.004842624 -0.01153119 -0.301576693
-0.159 7.31 -0.007366597 0.041804733 0.009972527 -0.011034023 -0.225371548 0 6.91 -0.003261191 -0.009965844 -0.004842624 -0.01153119 -0.301576693 -0.251 6.25 -0.007415936 0.107030447 -0.014537061 -1.18e-06 -0.462154092
0 6.91 -0.003261191 -0.009965844 -0.004842624 -0.01153119 -0.301576693 -0.251 6.25 -0.007415936 0.107030447 -0.014537061 -1.18e-06 -0.462154092 0.227 6.12 -0.005771039 0.027284073 0.03710904 -1.07e-06 -0.772166787
-0.251 6.25 -0.007415936 0.107030447 -0.014537061 -1.18e-06 -0.462154092 0.227 6.12 -0.005771039 0.027284073 0.03710904 -1.07e-06 -0.772166787 0 5.91 0.002635144 0.019682533 0.012365509 -1.18e-06 -3.733270923
0.227 6.12 -0.005771039 0.027284073 0.03710904 -1.07e-06 -0.772166787 0 5.91 0.002635144 0.019682533 0.012365509 -1.18e-06 -3.733270923 0.262 5.78 0.009370151 -0.004461052 0.002277905 0.006506121 -0.319929342
0 5.91 0.002635144 0.019682533 0.012365509 -1.18e-06 -3.733270923 0.262 5.78 0.009370151 -0.004461052 0.002277905 0.006506121 -0.319929342 0 5.9 0.008070413 0.000793357 0.016672276 0.006678816 -0.484475431
0.262 5.78 0.009370151 -0.004461052 0.002277905 0.006506121 -0.319929342 0 5.9 0.008070413 0.000793357 0.016672276 0.006678816 -0.484475431 -0.077 5.82 0.002796692 0.005115236 -0.003362185 0.006421174 -0.906391185
0 5.9 0.008070413 0.000793357 0.016672276 0.006678816 -0.484475431 -0.077 5.82 0.002796692 0.005115236 -0.003362185 0.006421174 -0.906391185 0.14 5.66 -1.13e-05 0.02383076 -0.010280933 0.01187742 0.998802183
-0.077 5.82 0.002796692 0.005115236 -0.003362185 0.006421174 -0.906391185 0.14 5.66 -1.13e-05 0.02383076 -0.010280933 0.01187742 0.998802183 0 5.45 0.007901659 -0.005665738 -0.011534446 0.011738002 0.498529376
0.14 5.66 -1.13e-05 0.02383076 -0.010280933 0.01187742 0.998802183 0 5.45 0.007901659 -0.005665738 -0.011534446 0.011738002 0.498529376 -0.035 5.21 -0.000546602 -0.000826788 -0.012056065 0.011229659 0.32120606
0 5.45 0.007901659 -0.005665738 -0.011534446 0.011738002 0.498529376 -0.035 5.21 -0.000546602 -0.000826788 -0.012056065 0.011229659 0.32120606 -0.121 4.81 -0.001583616 -0.002484473 -0.01599826 -0.006244318 6.458567204
-0.035 5.21 -0.000546602 -0.000826788 -0.012056065 0.011229659 0.32120606 -0.121 4.81 -0.001583616 -0.002484473 -0.01599826 -0.006244318 6.458567204 0.113 4.43 -0.004874384 0.006688815 -0.009352634 -0.006080242 0.831393046
-0.121 4.81 -0.001583616 -0.002484473 -0.01599826 -0.006244318 6.458567204 0.113 4.43 -0.004874384 0.006688815 -0.009352634 -0.006080242 0.831393046 0 4.03 -0.005251264 0.06855864 -0.004642842 -0.006321998 0.46542002
0.113 4.43 -0.004874384 0.006688815 -0.009352634 -0.006080242 0.831393046 0 4.03 -0.005251264 0.06855864 -0.004642842 -0.006321998 0.46542002 -0.004 4.06 0.00703489 -0.0084959 0.01713725 0.019082312 -0.482807695
0 4.03 -0.005251264 0.06855864 -0.004642842 -0.006321998 0.46542002 -0.004 4.06 0.00703489 -0.0084959 0.01713725 0.019082312 -0.482807695 -0.126 3.98 0.008489522 -0.012684334 0.021720311 0.017527446 -0.867090839
-0.004 4.06 0.00703489 -0.0084959 0.01713725 0.019082312 -0.482807695 -0.126 3.98 0.008489522 -0.012684334 0.021720311 0.017527446 -0.867090839 0 3.73 0.007561467 0.000122734 -0.007445477 0.018402619 -6.924539373
-0.126 3.98 0.008489522 -0.012684334 0.021720311 0.017527446 -0.867090839 0 3.73 0.007561467 0.000122734 -0.007445477 0.018402619 -6.924539373 0.148 3.82 0.003285691 0.018000535 -0.011012614 0.002617056 -0.385850197
0 3.73 0.007561467 0.000122734 -0.007445477 0.018402619 -6.924539373 0.148 3.82 0.003285691 0.018000535 -0.011012614 0.002617056 -0.385850197 0 3.76 0.000511722 -0.015891864 -0.014434052 0.002697116 -0.644937666
0.148 3.82 0.003285691 0.018000535 -0.011012614 0.002617056 -0.385850197 0 3.76 0.000511722 -0.015891864 -0.014434052 0.002697116 -0.644937666 -0.088 3.25 0.009164938 0.016470275 -0.015987551 0.002603204 -1.746283986
0 3.76 0.000511722 -0.015891864 -0.014434052 0.002697116 -0.644937666 -0.088 3.25 0.009164938 0.016470275 -0.015987551 0.002603204 -1.746283986 -0.003 3.3 -0.005607555 0.006914959 -0.004037147 0.010228454 -8.580636414
-0.088 3.25 0.009164938 0.016470275 -0.015987551 0.002603204 -1.746283986 -0.003 3.3 -0.005607555 0.006914959 -0.004037147 0.010228454 -8.580636414 0 3.22 0.003293115 0.001315145 0.00188603 0.010124891 1.124015532
-0.003 3.3 -0.005607555 0.006914959 -0.004037147 0.010228454 -8.580636414 0 3.22 0.003293115 0.001315145 0.00188603 0.010124891 1.124015532 -0.175 3.1 0.006728891 -0.014392893 0.022490801 0.009701632 0.508618317
0 3.22 0.003293115 0.001315145 0.00188603 0.010124891 1.124015532 -0.175 3.1 0.006728891 -0.014392893 0.022490801 0.009701632 0.508618317 -0.029 3.09 0.003785045 0.024757651 0.033642712 0.007912413 0.368470705
-0.175 3.1 0.006728891 -0.014392893 0.022490801 0.009701632 0.508618317 -0.029 3.09 0.003785045 0.024757651 0.033642712 0.007912413 0.368470705 -0.237 2.92 0.001687496 0.029822357 0 0.007598022 0.260283455
-0.029 3.09 0.003785045 0.024757651 0.033642712 0.007912413 0.368470705 -0.237 2.92 0.001687496 0.029822357 0 0.007598022 0.260283455 0 3.02 0.003832542 -0.000941587 0.010253903 0.007791108 0.213176132
-0.237 2.92 0.001687496 0.029822357 0 0.007598022 0.260283455 0 3.02 0.003832542 -0.000941587 0.010253903 0.007791108 0.213176132 0.094 3.03 0.004804394 0.014756292 -0.000882001 0.00197997 0.084294695
0 3.02 0.003832542 -0.000941587 0.010253903 0.007791108 0.213176132 0.094 3.03 0.004804394 0.014756292 -0.000882001 0.00197997 0.084294695 -0.063 3.07 -0.000873914 0.018972157 -0.009244668 0.001784997 0.069951163
0.094 3.03 0.004804394 0.014756292 -0.000882001 0.00197997 0.084294695 -0.063 3.07 -0.000873914 0.018972157 -0.009244668 0.001784997 0.069951163 0 2.96 0.002739405 -0.015852734 -0.021085893 0.001972537 0.072108032
-0.063 3.07 -0.000873914 0.018972157 -0.009244668 0.001784997 0.069951163 0 2.96 0.002739405 -0.015852734 -0.021085893 0.001972537 0.072108032 0.335 3 -0.00379158 0.004885582 -0.001300221 -0.002241494 0.114442517
0 2.96 0.002739405 -0.015852734 -0.021085893 0.001972537 0.072108032 0.335 3 -0.00379158 0.004885582 -0.001300221 -0.002241494 0.114442517 0 3.04 0.002252647 0.00629123 0.002858258 -0.002321501 0.105775062
0.335 3 -0.00379158 0.004885582 -0.001300221 -0.002241494 0.114442517 0 3.04 0.002252647 0.00629123 0.002858258 -0.002321501 0.105775062 0.009 3.06 0.002693116 -0.001719998 0.011480294 -0.002251757 0.092276551
0 3.04 0.002252647 0.00629123 0.002858258 -0.002321501 0.105775062 0.009 3.06 0.002693116 -0.001719998 0.011480294 -0.002251757 0.092276551 0.044 3.03 -0.001206468 0.015176347 -0.00192567 0.017551151 0.050950631
0.009 3.06 0.002693116 -0.001719998 0.011480294 -0.002251757 0.092276551 0.044 3.03 -0.001206468 0.015176347 -0.00192567 0.017551151 0.050950631 0.159 3.09 0.005291488 0.011189449 -0.005024165 0.017248414 0.048040171
0.044 3.03 -0.001206468 0.015176347 -0.00192567 0.017551151 0.050950631 0.159 3.09 0.005291488 0.011189449 -0.005024165 0.017248414 0.048040171 0 2.99 0.007303652 0.010096063 0.009639558 0.016413442 0.04396477
0.159 3.09 0.005291488 0.011189449 -0.005024165 0.017248414 0.048040171 0 2.99 0.007303652 0.010096063 0.009639558 0.016413442 0.04396477 -0.087 3.02 0.004559006 -0.002179567 0.009927535 0.012752824 0.067831902
0 2.99 0.007303652 0.010096063 0.009639558 0.016413442 0.04396477 -0.087 3.02 0.004559006 -0.002179567 0.009927535 0.012752824 0.067831902 -0.163 2.96 0.005905271 0.006588887 0.00341362 0.0121885 0.061080895
-0.087 3.02 0.004559006 -0.002179567 0.009927535 0.012752824 0.067831902 -0.163 2.96 0.005905271 0.006588887 0.00341362 0.0121885 0.061080895 0 3.05 0.002873679 0.014995914 0.002647005 0.012440632 0.059104577
-0.163 2.96 0.005905271 0.006588887 0.00341362 0.0121885 0.061080895 0 3.05 0.002873679 0.014995914 0.002647005 0.012440632 0.059104577 0.224 3.25 0.000582732 -0.002985488 -0.005680758 0.016798396 0.022099106
0 3.05 0.002873679 0.014995914 0.002647005 0.012440632 0.059104577 0.224 3.25 0.000582732 -0.002985488 -0.005680758 0.016798396 0.022099106 0.313 3.34 0.010149891 -0.016613773 0.002023524 0.014933948 0.019356945
0.224 3.25 0.000582732 -0.002985488 -0.005680758 0.016798396 0.022099106 0.313 3.34 0.010149891 -0.016613773 0.002023524 0.014933948 0.019356945 0 3.56 0.005896138 -0.036401982 -0.000252717 0.016277959 0.020839665
0.313 3.34 0.010149891 -0.016613773 0.002023524 0.014933948 0.019356945 0 3.56 0.005896138 -0.036401982 -0.000252717 0.016277959 0.020839665 0.287 4.01 0.004590496 0.008172582 -0.0077387 -0.00540007 -0.026874877
0 3.56 0.005896138 -0.036401982 -0.000252717 0.016277959 0.020839665 0.287 4.01 0.004590496 0.008172582 -0.0077387 -0.00540007 -0.026874877 0 4.25 0.00672845 0.008678137 -0.002422698 -0.005610877 -0.02842626
0.287 4.01 0.004590496 0.008172582 -0.0077387 -0.00540007 -0.026874877 0 4.25 0.00672845 0.008678137 -0.002422698 -0.005610877 -0.02842626 0.07 4.26 0.001329506 -0.007569858 -0.015697698 -0.005460022 -0.028203841
0 4.25 0.00672845 0.008678137 -0.002422698 -0.005610877 -0.02842626 0.07 4.26 0.001329506 -0.007569858 -0.015697698 -0.005460022 -0.028203841 0.417 4.47 0.006681858 0.028047795 0.000129676 0.013767425 0.026854748
0.07 4.26 0.001329506 -0.007569858 -0.015697698 -0.005460022 -0.028203841 0.417 4.47 0.006681858 0.028047795 0.000129676 0.013767425 0.026854748 0.041 4.73 0.003140549 0.005841941 -0.009641769 0.013580454 0.025952077
0.417 4.47 0.006681858 0.028047795 0.000129676 0.013767425 0.026854748 0.041 4.73 0.003140549 0.005841941 -0.009641769 0.013580454 0.025952077 0 4.76 0.008012931 -0.006768615 -0.008150433 0.012969075 0.024295784
0.041 4.73 0.003140549 0.005841941 -0.009641769 0.013580454 0.025952077 0 4.76 0.008012931 -0.006768615 -0.008150433 0.012969075 0.024295784 0.549 5.29 0.006812623 -0.006055251 0.005528512 0.003531761 0.016784417
0 4.76 0.008012931 -0.006768615 -0.008150433 0.012969075 0.024295784 0.549 5.29 0.006812623 -0.006055251 0.005528512 0.003531761 0.016784417 -0.248 5.45 0.010166426 -0.012704821 0.028214632 0.003405998 0.015937365
0.549 5.29 0.006812623 -0.006055251 0.005528512 0.003531761 0.016784417 -0.248 5.45 0.010166426 -0.012704821 0.028214632 0.003405998 0.015937365 0 5.53 0.001700536 0.021859981 0.029301059 0.003507386 0.016172264
-0.248 5.45 0.010166426 -0.012704821 0.028214632 0.003405998 0.015937365 0 5.53 0.001700536 0.021859981 0.029301059 0.003507386 0.016172264 0.501 5.92 -0.001128687 0.03520323 -0.009838799 -0.007179532 -0.015461495
0 5.53 0.001700536 0.021859981 0.029301059 0.003507386 0.016172264 0.501 5.92 -0.001128687 0.03520323 -0.009838799 -0.007179532 -0.015461495 0.241 5.98 0.001660301 0.023035262 -0.017804625 -0.006529343 -0.01415685
0.501 5.92 -0.001128687 0.03520323 -0.009838799 -0.007179532 -0.015461495 0.241 5.98 0.001660301 0.023035262 -0.017804625 -0.006529343 -0.01415685 0 6.05 -0.001727726 0.029490879 -0.045883195 -0.007278994 -0.015867731
0.241 5.98 0.001660301 0.023035262 -0.017804625 -0.006529343 -0.01415685 0 6.05 -0.001727726 0.029490879 -0.045883195 -0.007278994 -0.015867731 0.209 6.01 0.004898907 0.030824757 -0.003741819 -0.001966843 -0.159284308
0 6.05 -0.001727726 0.029490879 -0.045883195 -0.007278994 -0.015867731 0.209 6.01 0.004898907 0.030824757 -0.003741819 -0.001966843 -0.159284308 0 6 0.003308851 0.029235688 0.002139896 -0.002036477 -0.194668049
0.209 6.01 0.004898907 0.030824757 -0.003741819 -0.001966843 -0.159284308 0 6 0.003308851 0.029235688 0.002139896 -0.002036477 -0.194668049 -0.006 5.85 -0.004189893 0.032864581 0 -0.00197474 -0.232603686
0 6 0.003308851 0.029235688 0.002139896 -0.002036477 -0.194668049 -0.006 5.85 -0.004189893 0.032864581 0 -0.00197474 -0.232603686 -0.091 5.74 0.013169323 0.003116941 0.02948746 0.008334121 -0.010006117
-0.006 5.85 -0.004189893 0.032864581 0 -0.00197474 -0.232603686 -0.091 5.74 0.013169323 0.003116941 0.02948746 0.008334121 -0.010006117 0.025 5.8 0.004025176 0.034558928 0.014679635 0.008265237 -0.010061207
-0.091 5.74 0.013169323 0.003116941 0.02948746 0.008334121 -0.010006117 0.025 5.8 0.004025176 0.034558928 0.014679635 0.008265237 -0.010061207 0 5.76 -0.001759107 0.007144794 -0.000127836 0.007934094 -0.009791623
0.025 5.8 0.004025176 0.034558928 0.014679635 0.008265237 -0.010061207 0 5.76 -0.001759107 0.007144794 -0.000127836 0.007934094 -0.009791623 0.052 5.8 0.002632006 0.02140181 0.013838855 0.00539742 0.179566426
0 5.76 -0.001759107 0.007144794 -0.000127836 0.007934094 -0.009791623 0.052 5.8 0.002632006 0.02140181 0.013838855 0.00539742 0.179566426 -0.171 5.6 0.003464824 0.031471071 0.002770085 0.005195718 0.146592145
0.052 5.8 0.002632006 0.02140181 0.013838855 0.00539742 0.179566426 -0.171 5.6 0.003464824 0.031471071 0.002770085 0.005195718 0.146592145 0.073 5.56 -0.005740079 -0.000244103 0.007391202 0.005340698 0.131460713
-0.171 5.6 0.003464824 0.031471071 0.002770085 0.005195718 0.146592145 0.073 5.56 -0.005740079 -0.000244103 0.007391202 0.005340698 0.131460713 0 5.22 0.01452916 0.055585687 0.000499127 0.016236035 0.035807272
0.073 5.56 -0.005740079 -0.000244103 0.007391202 0.005340698 0.131460713 0 5.22 0.01452916 0.055585687 0.000499127 0.016236035 0.035807272 0.056 5.31 -0.001225043 -0.00380994 0.000498878 0.014953549 0.03198737
0 5.22 0.01452916 0.055585687 0.000499127 0.016236035 0.035807272 0.056 5.31 -0.001225043 -0.00380994 0.000498878 0.014953549 0.03198737 0 5.22 0.009901218 0.000154531 -0.000998004 0.015741359 0.032775135
0.056 5.31 -0.001225043 -0.00380994 0.000498878 0.014953549 0.03198737 0 5.22 0.009901218 0.000154531 -0.000998004 0.015741359 0.032775135 -0.027 5.24 0.007445584 0.021492726 0.00124735 0.014862904 0.125961807
0 5.22 0.009901218 0.000154531 -0.000998004 0.015741359 0.032775135 -0.027 5.24 0.007445584 0.021492726 0.00124735 0.014862904 0.125961807 0 5.27 0.007593378 0.01093466 0.003856925 0.015129729 0.114908467
-0.027 5.24 0.007445584 0.021492726 0.00124735 0.014862904 0.125961807 0 5.27 0.007593378 0.01093466 0.003856925 0.015129729 0.114908467 -0.04 5.4 0.000153746 -0.037228981 0.00012417 0.014426898 0.099146276
0 5.27 0.007593378 0.01093466 0.003856925 0.015129729 0.114908467 -0.04 5.4 0.000153746 -0.037228981 0.00012417 0.014426898 0.099146276 -0.065 5.22 0.005105235 0.028484803 -0.007978103 -0.000447288 -0.150096708
-0.04 5.4 0.000153746 -0.037228981 0.00012417 0.014426898 0.099146276 -0.065 5.22 0.005105235 0.028484803 -0.007978103 -0.000447288 -0.150096708 -0.042 5.3 0.006239632 0.018242678 0.005367297 -0.000447488 -0.175377217
-0.065 5.22 0.005105235 0.028484803 -0.007978103 -0.000447288 -0.150096708 -0.042 5.3 0.006239632 0.018242678 0.005367297 -0.000447488 -0.175377217 0 5.24 0.000296094 0.03862898 0.006699777 -0.000433244 -0.204412739
-0.042 5.3 0.006239632 0.018242678 0.005367297 -0.000447488 -0.175377217 0 5.24 0.000296094 0.03862898 0.006699777 -0.000433244 -0.204412739 0.048 5.31 0.009144785 0.047617771 -0.005953137 0 0
0 5.24 0.000296094 0.03862898 0.006699777 -0.000433244 -0.204412739 0.048 5.31 0.009144785 0.047617771 -0.005953137 0 0 -0.029 5.29 0.006386648 0.010250813 0.00731242 0 0
